fractal(0,0,90,5)

x2 =

   -7.4641


y2 =

    9.4641


x2 =

   -6.5981


y2 =

    9.9641


x2 =

   -4.5981


y2 =

    9.9641


x2 =

    -2


y2 =

    8.4641


x2 =

     0


y2 =

     5

diary off
